t=5.000000 em=0.125000
threshold=0.500000 K0=2 acc=0.007756 prec=0.867701 rec=0.003655 F1=0.007279 F1_2=0.007755
t=5.000000 em=0.083333
threshold=0.500000 K0=3 acc=0.007756 prec=0.867701 rec=0.003655 F1=0.007279 F1_2=0.007755
t=5.000000 em=0.062500
threshold=0.500000 K0=4 acc=0.007756 prec=0.867701 rec=0.003655 F1=0.007279 F1_2=0.007755
t=5.000000 em=0.050000
threshold=0.500000 K0=5 acc=0.007756 prec=0.867701 rec=0.003655 F1=0.007279 F1_2=0.007755
