t=5.000000 em=0.125000
threshold=0.500000 K0=2 acc=0.009090 prec=0.873050 rec=0.003754 F1=0.007476 F1_2=0.009087
t=5.000000 em=0.083333
threshold=0.500000 K0=3 acc=0.009181 prec=0.873050 rec=0.003754 F1=0.007476 F1_2=0.009178
t=5.000000 em=0.062500
threshold=0.500000 K0=4 acc=0.009199 prec=0.873050 rec=0.003754 F1=0.007476 F1_2=0.009196
t=5.000000 em=0.050000
threshold=0.500000 K0=5 acc=0.009195 prec=0.873050 rec=0.003754 F1=0.007476 F1_2=0.009192
