t=5.000000 em=0.250000
threshold=0.500000 K0=1 acc=0.047840 prec=0.995995 rec=0.034157 F1=0.066049 F1_2=0.047478
t=5.000000 em=0.125000
threshold=0.500000 K0=2 acc=0.048140 prec=0.995995 rec=0.034157 F1=0.066049 F1_2=0.047790
