t=5.000000 nmi=0.077585 em=0.183991
 groundtruth_em=0.068410
t=5.000000 auc=0.572922 g_auc=0.589013 obj=6793.047358
threshold=0.500000 K0=1 acc=0.562600 prec=0.567717 rec=0.873869 F1=0.688284 F1_2=0.477688
t=10.000000 nmi=0.077585 em=0.183991
 groundtruth_em=0.068410
t=10.000000 auc=0.572922 g_auc=0.589013 obj=6792.703835
threshold=0.500000 K0=1 acc=0.562600 prec=0.567717 rec=0.873869 F1=0.688284 F1_2=0.477688
