t=5.000000 em=0.164535
 snap_em=0.412852
t=5.000000 lf_snap_loss=126499.710014 snap_loss=123914.405139 
threshold=0.500000 K0=2 acc=0.076924 prec=0.076924 rec=1.000000 F1=0.142860 F1_2=0.071430
t=5.000000 em=0.193749
 snap_em=0.412852
t=5.000000 lf_snap_loss=80740.922898 snap_loss=123914.405139 
threshold=0.500000 K0=4 acc=0.095063 prec=0.095063 rec=1.000000 F1=0.173620 F1_2=0.086810
Objective=80740.922898
