t=5.000000 em=0.081602
 snap_em=0.356989
t=5.000000 lf_snap_loss=101477.942536 snap_loss=188587.975517 
threshold=0.500000 K0=2 acc=0.995600 prec=0.995600 rec=1.000000 F1=0.997795 F1_2=0.498898
Objective=73506.539389
t=10.000000 em=0.118916
 snap_em=0.356989
t=10.000000 lf_snap_loss=129756.663913 snap_loss=188587.975517 
threshold=0.500000 K0=2 acc=0.995599 prec=0.995599 rec=1.000000 F1=0.997794 F1_2=0.498897
t=10.000000 em=0.178454
 snap_em=0.356989
t=10.000000 lf_snap_loss=72777.784736 snap_loss=188587.975517 
threshold=0.500000 K0=4 acc=0.995598 prec=0.995598 rec=1.000000 F1=0.997794 F1_2=0.498897
Objective=62593.399888
