t=5.000000 em=0.151081
 snap_em=0.412852
t=5.000000 lf_snap_loss=3842.755682 snap_loss=33228.475563  ground_truth_snap_loss=3436.246985
threshold=0.500000 K0=3 acc=0.999958 prec=0.999958 rec=1.000000 F1=0.999979 F1_2=0.499989
Objective=199879.185778
t=10.000000 em=0.206983
 snap_em=0.412852
t=10.000000 lf_snap_loss=7782.482115 snap_loss=33228.475563  ground_truth_snap_loss=3436.246985
threshold=0.500000 K0=6 acc=0.999958 prec=0.999958 rec=1.000000 F1=0.999979 F1_2=0.499989
Objective=176493.572123
