t=5.000000 em=0.000537
 snap_em=0.412852
t=5.000000 lf_snap_loss=82988.966335 snap_loss=123914.405139 
threshold=0.500000 K0=2 acc=0.018364 prec=0.018364 rec=1.000000 F1=0.036066 F1_2=0.018033
Objective=82988.966335
