t=5.000000 em=0.069164
 snap_em=0.356989
t=5.000000 lf_snap_loss=94884.173358 snap_loss=188587.975517 
threshold=0.500000 K0=2 acc=0.652763 prec=0.652763 rec=1.000000 F1=0.789905 F1_2=0.394953
Objective=73438.928557
t=10.000000 em=0.137932
 snap_em=0.356989
t=10.000000 lf_snap_loss=113859.890491 snap_loss=188587.975517 
threshold=0.500000 K0=2 acc=0.652763 prec=0.652763 rec=1.000000 F1=0.789905 F1_2=0.394953
t=10.000000 em=0.166154
 snap_em=0.356989
t=10.000000 lf_snap_loss=74606.606240 snap_loss=188587.975517 
threshold=0.500000 K0=4 acc=0.652763 prec=0.652763 rec=1.000000 F1=0.789905 F1_2=0.394953
Objective=64481.971621
