t=5.000000 em=0.000409
 snap_em=0.412852
t=5.000000 lf_snap_loss=83453.383412 snap_loss=123914.405139 
threshold=0.500000 K0=2 acc=0.999699 prec=0.999699 rec=1.000000 F1=0.999849 F1_2=0.499925
Objective=82587.654953
t=10.000000 em=0.000409
 snap_em=0.412852
t=10.000000 lf_snap_loss=84579.442574 snap_loss=123914.405139 
threshold=0.500000 K0=2 acc=0.999700 prec=0.999700 rec=1.000000 F1=0.999850 F1_2=0.499925
t=10.000000 em=0.000393
 snap_em=0.412852
t=10.000000 lf_snap_loss=81853.255547 snap_loss=123914.405139 
threshold=0.500000 K0=4 acc=0.999732 prec=0.999732 rec=1.000000 F1=0.999866 F1_2=0.499933
Objective=81853.255547
