t=5.000000 em=0.151081
 snap_em=0.412852
t=5.000000 lf_snap_loss=10566.304153 snap_loss=111884.782340  ground_truth_snap_loss=14949.172450
threshold=0.500000 K0=3 acc=0.982364 prec=0.982364 rec=1.000000 F1=0.991103 F1_2=0.495552
Objective=45217.842314
