t=5.000000 em=0.151081
 snap_em=0.412852
t=5.000000 lf_snap_loss=3842.755682 snap_loss=33228.475563  ground_truth_snap_loss=3436.246985
threshold=0.500000 K0=3 acc=0.999947 prec=0.999947 rec=1.000000 F1=0.999974 F1_2=0.499987
Objective=199879.185778
t=10.000000 em=0.206983
 snap_em=0.412852
t=10.000000 lf_snap_loss=7782.482115 snap_loss=33228.475563  ground_truth_snap_loss=3436.246985
threshold=0.500000 K0=6 acc=0.999947 prec=0.999947 rec=1.000000 F1=0.999974 F1_2=0.499987
Objective=176493.572123
t=15.000000 em=0.246023
 snap_em=0.412852
t=15.000000 lf_snap_loss=10253.045219 snap_loss=33228.475563  ground_truth_snap_loss=3436.246985
threshold=0.500000 K0=8 acc=0.999947 prec=0.999947 rec=1.000000 F1=0.999974 F1_2=0.499987
Objective=162348.650983
