t=5.000000 em=0.016057
 snap_em=0.356989
t=5.000000 lf_snap_loss=85162.158445 snap_loss=188587.975517 
threshold=0.500000 K0=2 acc=0.654067 prec=0.654067 rec=1.000000 F1=0.790859 F1_2=0.395430
t=5.000000 em=0.030967
 snap_em=0.356989
t=5.000000 lf_snap_loss=76189.156759 snap_loss=188587.975517 
threshold=0.500000 K0=4 acc=0.654067 prec=0.654067 rec=1.000000 F1=0.790859 F1_2=0.395430
Objective=75507.117625
t=10.000000 em=0.016057
 snap_em=0.356989
t=10.000000 lf_snap_loss=85029.177263 snap_loss=188587.975517 
threshold=0.500000 K0=2 acc=0.654067 prec=0.654067 rec=1.000000 F1=0.790859 F1_2=0.395430
