t=5.000000 em=0.151081
 snap_em=0.412852
t=5.000000 lf_snap_loss=3842.755682 snap_loss=33228.475563  ground_truth_snap_loss=3436.246985
threshold=0.500000 K0=3 acc=0.984457 prec=0.984457 rec=1.000000 F1=0.992167 F1_2=0.496084
Objective=45217.842314
t=10.000000 em=0.206983
 snap_em=0.412852
t=10.000000 lf_snap_loss=7782.482115 snap_loss=33228.475563  ground_truth_snap_loss=3436.246985
threshold=0.500000 K0=6 acc=0.984456 prec=0.984456 rec=1.000000 F1=0.992167 F1_2=0.496083
Objective=42926.060376
