t=5.000000 em=0.000000
 snap_em=0.356989
t=5.000000 lf_snap_loss=251050.852689 snap_loss=188587.975517 
threshold=0.500000 K0=0 acc=0.652893 prec=0.652893 rec=1.000000 F1=0.790001 F1_2=0.395000
Objective=251050.852689
t=10.000000 em=0.000000
 snap_em=0.356989
t=10.000000 lf_snap_loss=251050.852689 snap_loss=188587.975517 
threshold=0.500000 K0=0 acc=0.652893 prec=0.652893 rec=1.000000 F1=0.790001 F1_2=0.395000
Objective=251050.852689
