t=5.000000 em=0.068699
 snap_em=0.037378
t=5.000000 lf_snap_loss=91024.536955 snap_loss=264408.804201 
threshold=0.500000 K0=2 acc=0.652893 prec=0.652893 rec=1.000000 F1=0.790001 F1_2=0.395000
Objective=72273.392259
