t=5.000000 em=0.000397
 snap_em=0.412852
t=5.000000 lf_snap_loss=83726.989527 snap_loss=123914.405139 
threshold=0.500000 K0=1 acc=0.017226 prec=0.017226 rec=1.000000 F1=0.033869 F1_2=0.016935
Objective=83726.989527
t=10.000000 em=0.000397
 snap_em=0.412852
t=10.000000 lf_snap_loss=83726.989527 snap_loss=123914.405139 
threshold=0.500000 K0=1 acc=0.017226 prec=0.017226 rec=1.000000 F1=0.033869 F1_2=0.016935
Objective=83726.989527
t=15.000000 em=0.000397
 snap_em=0.412852
t=15.000000 lf_snap_loss=83726.989527 snap_loss=123914.405139 
threshold=0.500000 K0=1 acc=0.017226 prec=0.017226 rec=1.000000 F1=0.033869 F1_2=0.016935
Objective=83726.989527
