t=5.000000 em=0.116980
 snap_em=0.412852
t=5.000000 lf_snap_loss=-2626.471998 snap_loss=-33228.475563  ground_truth_snap_loss=-3436.246985
threshold=0.500000 K0=2 acc=0.999952 prec=0.999952 rec=1.000000 F1=0.999976 F1_2=0.499988
